10 1
10 0
10 1
10 0
10 0
50 2
50 2
50 2
50 2
50 3
100 6
100 6
100 7
100 7
100 6
200 21
200 21
200 21
200 21
200 21
300 66
300 45
300 45
300 45
300 45
400 147
400 109
400 97
400 90
400 82
500 189
500 139
500 175
500 125
500 516
700 237
700 362
700 238
700 238
700 336
800 310
800 354
800 309
800 309
800 309
1000 468
1000 468
1000 468
1000 498
1000 468
1200 681
1200 816
1200 829
1200 679
1200 681
1400 1157
1400 1002
1400 927
1400 912
1400 1021
1600 1639
1600 1186
1600 1282
1600 1186
1600 1347
1800 1366
1800 1529
1800 1492
1800 1490
1800 1546
2000 2385
2000 1833
2000 1830
2000 1832
2000 1830
2200 2234
2200 2223
2200 2225
2200 2254
2200 2224
2400 3418
2400 2658
2400 2657
2400 2660
2400 2655
2600 3171
2600 3141
2600 3128
2600 3451
2600 3161
2800 3663
2800 3684
2800 3650
2800 3645
2800 3701
3000 4199
3000 4199
3000 4198
3000 4222
3000 6425
