10 6
10 27
10 17
10 19
10 4
50 27
50 28
50 27
50 28
50 28
100 29
100 30
100 47
100 41
100 41
200 59
200 60
200 68
200 88
200 68
300 99
300 96
300 98
300 203
300 90
400 507
400 119
400 125
400 117
400 117
500 169
500 144
500 151
500 149
500 141
700 215
700 205
700 876
700 247
700 206
800 237
800 236
800 235
800 245
800 244
1000 293
1000 305
1000 295
1000 292
1000 302
1200 391
1200 360
1200 357
1200 367
1200 368
1400 416
1400 413
1400 430
1400 423
1400 434
1600 646
1600 475
1600 473
1600 476
1600 473
1800 522
1800 535
1800 525
1800 546
1800 516
2000 821
2000 580
2000 577
2000 581
2000 589
2200 651
2200 671
2200 635
2200 639
2200 638
2400 799
2400 849
2400 707
2400 703
2400 718
2600 765
2600 781
2600 776
2600 774
2600 770
2800 834
2800 824
2800 827
2800 849
2800 825
3000 883
3000 891
3000 889
3000 883
3000 1330
