10 0
10 0
10 0
10 0
10 0
50 5
50 4
50 4
50 5
50 4
100 16
100 18
100 12
100 12
100 12
200 39
200 39
200 64
200 42
200 42
300 79
300 79
300 79
300 79
300 79
400 142
400 136
400 140
400 135
400 137
500 205
500 205
500 212
500 213
500 205
700 1592
700 383
700 395
700 382
700 382
800 510
800 496
800 496
800 496
800 495
1000 1267
1000 1120
1000 1547
1000 1276
1000 828
1200 1152
1200 1573
1200 1606
1200 1078
1200 1167
1400 1715
1400 1448
1400 1448
1400 1449
1400 1566
1600 2975
1600 1882
1600 1910
1600 1883
1600 1899
1800 2202
1800 2367
1800 2366
1800 2362
1800 2369
2000 4065
2000 3064
2000 2993
2000 2967
2000 2955
2200 3518
2200 3510
2200 3638
2200 3627
2200 3585
2400 5989
2400 4144
2400 4140
2400 4390
2400 4238
2600 4953
2600 4871
2600 5954
2600 4897
2600 4956
2800 5614
2800 5597
2800 5598
2800 5671
2800 5601
3000 6479
3000 6459
3000 6494
3000 6501
3000 13247
